7.216081619262695312e+00
7.259069204330444336e+00
7.302117347717285156e+00
7.347158670425415039e+00
7.392858028411865234e+00
7.437724351882934570e+00
7.480486631393432617e+00
7.522790431976318359e+00
7.564629793167114258e+00
7.606878042221069336e+00
7.648088216781616211e+00
7.690058946609497070e+00
7.733139038085937500e+00
7.774929285049438477e+00
7.817094802856445312e+00
7.859289407730102539e+00
7.901198387145996094e+00
7.943421840667724609e+00
7.987253189086914062e+00
8.029572486877441406e+00
8.071894407272338867e+00
8.113834381103515625e+00
8.156736135482788086e+00
8.198935270309448242e+00
8.241292476654052734e+00
8.284086227416992188e+00
8.326515197753906250e+00
8.369064807891845703e+00
8.412482023239135742e+00
8.454576015472412109e+00
8.497238159179687500e+00
8.539184331893920898e+00
8.581633329391479492e+00
8.624100446701049805e+00
8.666702747344970703e+00
8.708944797515869141e+00
8.751327514648437500e+00
8.793824195861816406e+00
8.835930347442626953e+00
8.877995491027832031e+00
8.920441150665283203e+00
8.962847232818603516e+00
9.004905223846435547e+00
9.047214746475219727e+00
9.089401960372924805e+00
9.131335735321044922e+00
9.173607826232910156e+00
9.216275930404663086e+00
9.259990215301513672e+00
9.302350521087646484e+00
9.344926357269287109e+00
9.387175321578979492e+00
9.429322719573974609e+00
9.471404314041137695e+00
9.513432741165161133e+00
9.556412696838378906e+00
9.598291635513305664e+00
9.640217304229736328e+00
9.682277679443359375e+00
9.724155187606811523e+00
9.766523361206054688e+00
9.808674335479736328e+00
9.850258588790893555e+00
9.892129898071289062e+00
9.934120893478393555e+00
9.975837230682373047e+00
1.001789999008178711e+01
1.005972290039062500e+01
1.010144042968750000e+01
1.014348340034484863e+01
1.018586945533752441e+01
1.022804021835327148e+01
1.027032089233398438e+01
1.031222963333129883e+01
1.035413861274719238e+01
1.039620685577392578e+01
1.043814420700073242e+01
1.047995233535766602e+01
1.052212047576904297e+01
1.056439709663391113e+01
1.060708570480346680e+01
1.064886045455932617e+01
1.069058322906494141e+01
1.073237371444702148e+01
1.077447605133056641e+01
1.081613111495971680e+01
1.085745382308959961e+01
1.089966773986816406e+01
1.094125699996948242e+01
1.098391890525817871e+01
1.102577424049377441e+01
1.106771326065063477e+01
1.110925459861755371e+01
1.115110063552856445e+01
1.119343757629394531e+01
1.123522901535034180e+01
1.127691054344177246e+01
1.131932926177978516e+01
1.136108279228210449e+01
1.140284037590026855e+01
1.144459033012390137e+01
1.148687815666198730e+01
1.153043150901794434e+01
1.157346320152282715e+01
1.161515235900878906e+01
1.165712285041809082e+01
1.169913697242736816e+01
1.174123406410217285e+01
1.178316259384155273e+01
1.182478117942810059e+01
1.186653375625610352e+01
1.190828084945678711e+01
1.194980621337890625e+01
1.199136400222778320e+01
1.203297162055969238e+01
1.207494759559631348e+01
1.211758780479431152e+01
1.215979051589965820e+01
1.220168018341064453e+01
1.224382233619689941e+01
1.228632998466491699e+01
1.232956504821777344e+01
1.237222528457641602e+01
1.241476941108703613e+01
1.245742464065551758e+01
1.249986505508422852e+01
1.254200863838195801e+01
1.258558034896850586e+01
1.262833023071289062e+01
1.267055153846740723e+01
1.271335411071777344e+01
1.275595164299011230e+01
1.279844403266906738e+01
1.284055685997009277e+01
1.288382673263549805e+01
1.292680644989013672e+01
1.297028899192810059e+01
1.301433134078979492e+01
1.305703210830688477e+01
1.309991812705993652e+01
1.314261960983276367e+01
1.318534684181213379e+01
1.322920107841491699e+01
1.327144408226013184e+01
1.331402015686035156e+01
1.335697674751281738e+01
1.339987659454345703e+01
1.344290590286254883e+01
1.348584938049316406e+01
1.352836441993713379e+01
1.357061314582824707e+01
1.361336064338684082e+01
1.365584588050842285e+01
1.369814562797546387e+01
1.374071288108825684e+01
1.378363418579101562e+01
1.382591748237609863e+01
1.386835956573486328e+01
1.391067481040954590e+01
1.395314240455627441e+01
1.399510812759399414e+01
1.403711438179016113e+01
1.407853674888610840e+01
1.411913752555847168e+01
1.415977311134338379e+01
1.419905447959899902e+01
1.423824906349182129e+01
1.427692008018493652e+01
1.431590223312377930e+01
1.435445475578308105e+01
1.439301323890686035e+01
1.443105602264404297e+01
1.446874022483825684e+01
1.450610685348510742e+01
1.454351115226745605e+01
1.458325815200805664e+01
1.462265872955322266e+01
1.466248321533203125e+01
1.470172119140625000e+01
1.473956584930419922e+01
1.477545404434204102e+01
1.481194972991943359e+01
1.484802556037902832e+01
1.488446307182312012e+01
1.492130064964294434e+01
1.495876765251159668e+01
1.499656367301940918e+01
1.503482699394226074e+01
1.507374453544616699e+01
1.511298942565917969e+01
1.515213966369628906e+01
1.519137501716613770e+01
1.523094487190246582e+01
1.527083492279052734e+01
1.531159114837646484e+01
1.535246253013610840e+01
1.539336395263671875e+01
1.543452978134155273e+01
1.547584152221679688e+01
1.551715779304504395e+01
1.555817079544067383e+01
1.559999346733093262e+01
1.564144229888916016e+01
1.568285393714904785e+01
1.572416830062866211e+01
1.576617908477783203e+01
1.581043410301208496e+01
1.585474610328674316e+01
1.589996361732482910e+01
1.594498300552368164e+01
1.598818230628967285e+01
1.603129887580871582e+01
1.607289385795593262e+01
1.611528348922729492e+01
1.615768742561340332e+01
1.619956779479980469e+01
1.624094271659851074e+01
1.628305602073669434e+01
1.632506418228149414e+01
1.636714649200439453e+01
1.640946316719055176e+01
1.645161271095275879e+01
1.649476909637451172e+01
1.653793883323669434e+01
1.658071470260620117e+01
1.662274885177612305e+01
1.666457080841064453e+01
1.670662522315979004e+01
1.674877834320068359e+01
1.679193234443664551e+01
1.683335995674133301e+01
1.687537956237792969e+01
1.691698718070983887e+01
1.695915293693542480e+01
1.700108504295349121e+01
1.704299068450927734e+01
1.708489894866943359e+01
1.712685894966125488e+01
1.716838383674621582e+01
1.721032977104187012e+01
1.725279283523559570e+01
1.729454350471496582e+01
1.733673715591430664e+01
1.737924170494079590e+01
1.742097496986389160e+01
1.746299409866333008e+01
1.750561356544494629e+01
1.754730057716369629e+01
1.758993721008300781e+01
1.763175654411315918e+01
1.767334747314453125e+01
1.771537089347839355e+01
1.775773477554321289e+01
1.779974913597106934e+01
1.784143066406250000e+01
1.788364815711975098e+01
1.792530274391174316e+01
1.796713423728942871e+01
1.801157021522521973e+01
1.805343985557556152e+01
1.809543728828430176e+01
1.813738441467285156e+01
1.817948651313781738e+01
1.822133445739746094e+01
1.826397681236267090e+01
1.830627703666687012e+01
1.834834980964660645e+01
1.839076042175292969e+01
1.843274617195129395e+01
1.847481513023376465e+01
1.851734161376953125e+01
1.855912256240844727e+01
1.860046219825744629e+01
1.864222621917724609e+01
1.868448209762573242e+01
1.872666859626770020e+01
1.876840925216674805e+01
1.881009387969970703e+01
1.885215234756469727e+01
1.889436292648315430e+01
1.893681859970092773e+01
1.897885298728942871e+01
1.902064037322998047e+01
1.906268668174743652e+01
1.910457134246826172e+01
1.914671039581298828e+01
1.918910527229309082e+01
1.923113894462585449e+01
1.927307057380676270e+01
1.931574106216430664e+01
1.935813522338867188e+01
1.940112185478210449e+01
1.944332313537597656e+01
1.948562216758728027e+01
1.952813434600830078e+01
1.957031106948852539e+01
1.961210060119628906e+01
1.965414476394653320e+01
1.969655561447143555e+01
1.973880457878112793e+01
1.978248596191406250e+01
1.982506752014160156e+01
1.986727929115295410e+01
1.990966224670410156e+01
1.995232558250427246e+01
1.999475288391113281e+01
2.003719496726989746e+01
2.007943129539489746e+01
2.012141132354736328e+01
2.016371750831604004e+01
2.020602703094482422e+01
2.024876594543457031e+01
2.029056024551391602e+01
2.033265042304992676e+01
2.037512779235839844e+01
2.041729187965393066e+01
2.046037721633911133e+01
2.050258612632751465e+01
2.054425096511840820e+01
2.058673095703125000e+01
2.062774085998535156e+01
2.066718077659606934e+01
2.070628619194030762e+01
2.074497175216674805e+01
2.078368520736694336e+01
2.082218885421752930e+01
2.086072421073913574e+01
2.089905238151550293e+01
2.093776369094848633e+01
2.097699570655822754e+01
2.101628470420837402e+01
2.105601406097412109e+01
2.109567880630493164e+01
2.113556122779846191e+01
2.117591714859008789e+01
2.121651792526245117e+01
2.125755763053894043e+01
2.129859304428100586e+01
2.133979415893554688e+01
2.138150477409362793e+01
2.142401266098022461e+01
2.146543049812316895e+01
2.150811600685119629e+01
2.155088376998901367e+01
2.159280943870544434e+01
2.163505554199218750e+01
2.168043684959411621e+01
2.172498965263366699e+01
2.176836228370666504e+01
2.181133890151977539e+01
2.185411953926086426e+01
2.189615416526794434e+01
2.193772077560424805e+01
2.197995781898498535e+01
2.202224111557006836e+01
2.206401419639587402e+01
2.210563445091247559e+01
2.214764857292175293e+01
2.219062471389770508e+01
2.223271560668945312e+01
2.227468657493591309e+01
2.231702542304992676e+01
2.235893344879150391e+01
2.240126562118530273e+01
2.244375443458557129e+01
2.248654866218566895e+01
2.252852439880371094e+01
2.257106447219848633e+01
2.261308217048645020e+01
2.265532040596008301e+01
2.269737243652343750e+01
2.274024176597595215e+01
2.278291249275207520e+01
2.282539486885070801e+01
2.286744952201843262e+01
2.290967822074890137e+01
2.295197296142578125e+01
2.299469137191772461e+01
2.325785374641418457e+01
2.330004405975341797e+01
2.334202694892883301e+01
2.338470172882080078e+01
2.342801809310913086e+01
2.347086334228515625e+01
2.351340818405151367e+01
2.355583262443542480e+01
2.359870719909667969e+01
2.364116334915161133e+01
2.368372082710266113e+01
2.372610521316528320e+01
2.376839327812194824e+01
2.381031703948974609e+01
2.385277223587036133e+01
2.389465332031250000e+01
2.393709397315979004e+01
2.397916173934936523e+01
2.402155089378356934e+01
2.406373953819274902e+01
2.410678315162658691e+01
2.414919781684875488e+01
2.419152712821960449e+01
2.423348021507263184e+01
2.427570629119873047e+01
2.431768441200256348e+01
2.435984921455383301e+01
2.440193915367126465e+01
2.444361662864685059e+01
2.448587250709533691e+01
2.452841830253601074e+01
2.457061052322387695e+01
2.461291766166687012e+01
2.465493965148925781e+01
2.469666242599487305e+01
2.473856902122497559e+01
2.478085279464721680e+01
2.482285141944885254e+01
2.486480474472045898e+01
2.490655493736267090e+01
2.494789171218872070e+01
2.498975181579589844e+01
2.503159952163696289e+01
2.507329273223876953e+01
2.511470961570739746e+01
2.515616655349731445e+01
2.519752550125122070e+01
2.523856782913208008e+01
2.527954363822937012e+01
2.532030177116394043e+01
2.536112546920776367e+01
2.540368700027465820e+01
2.544526124000549316e+01
2.548694300651550293e+01
2.552895212173461914e+01
2.557079625129699707e+01
2.561245584487915039e+01
2.565431952476501465e+01
2.569635558128356934e+01
2.573803925514221191e+01
2.577991724014282227e+01
2.582184052467346191e+01
2.586405777931213379e+01
2.590649318695068359e+01
2.594850611686706543e+01
2.599061846733093262e+01
2.603253364562988281e+01
2.607459378242492676e+01
2.611692309379577637e+01
2.615925145149230957e+01
2.620193433761596680e+01
2.624395465850830078e+01
2.628632283210754395e+01
2.632855081558227539e+01
2.637078571319580078e+01
2.641301965713500977e+01
2.645507740974426270e+01
2.649870610237121582e+01
2.654202222824096680e+01
2.658545446395874023e+01
2.662827873229980469e+01
2.667243099212646484e+01
2.671428680419921875e+01
2.675801205635070801e+01
2.680032324790954590e+01
2.684280991554260254e+01
2.688523364067077637e+01
2.692766451835632324e+01
2.696978688240051270e+01
2.701310849189758301e+01
2.705525374412536621e+01
2.709788036346435547e+01
2.714031147956848145e+01
2.718288040161132812e+01
2.722514653205871582e+01
2.726759171485900879e+01
2.731025075912475586e+01
2.735277748107910156e+01
2.739562654495239258e+01
2.743806433677673340e+01
2.748004174232482910e+01
2.752276730537414551e+01
2.756522488594055176e+01
2.760804748535156250e+01
2.765078401565551758e+01
2.769336915016174316e+01
2.773585534095764160e+01
2.777861809730529785e+01
2.782107973098754883e+01
2.786345601081848145e+01
2.790575456619262695e+01
2.794818735122680664e+01
2.799084281921386719e+01
2.803348994255065918e+01
2.807573533058166504e+01
2.811868929862976074e+01
2.816103291511535645e+01
2.820390295982360840e+01
2.824618220329284668e+01
2.828876042366027832e+01
2.833122706413269043e+01
2.837363767623901367e+01
2.841574954986572266e+01
2.845842409133911133e+01
2.850265002250671387e+01
2.854633831977844238e+01
2.858883023262023926e+01
2.863099288940429688e+01
2.867322254180908203e+01
2.871524095535278320e+01
2.875711607933044434e+01
2.879928374290466309e+01
2.884062719345092773e+01
2.888191962242126465e+01
2.892349123954772949e+01
2.896672630310058594e+01
2.901010966300964355e+01
2.905335950851440430e+01
2.909736871719360352e+01
2.914060854911804199e+01
2.918103480339050293e+01
2.922163963317871094e+01
2.926200962066650391e+01
2.930205321311950684e+01
2.934199142456054688e+01
2.938184571266174316e+01
2.942160654067993164e+01
2.946143841743469238e+01
2.950145030021667480e+01
2.954159951210021973e+01
2.958259749412536621e+01
2.962287425994873047e+01
2.966354656219482422e+01
2.970420551300048828e+01
2.974480533599853516e+01
2.978738856315612793e+01
2.982989764213562012e+01
2.987147927284240723e+01
2.991376328468322754e+01
2.995647621154785156e+01
2.999923801422119141e+01
3.004155087471008301e+01
3.008365130424499512e+01
3.012630796432495117e+01
3.016971039772033691e+01
3.021514034271240234e+01
3.026106834411621094e+01
3.030683922767639160e+01
3.035266685485839844e+01
3.039889502525329590e+01
3.044545245170593262e+01
3.049150800704956055e+01
3.053751158714294434e+01
3.058372688293457031e+01
3.062850737571716309e+01
3.067267274856567383e+01
3.071668219566345215e+01
3.076044225692749023e+01
3.080334568023681641e+01
3.084523773193359375e+01
3.088772225379943848e+01
3.093163704872131348e+01
3.097404646873474121e+01
3.101676440238952637e+01
3.105908656120300293e+01
3.110115575790405273e+01
3.114392423629760742e+01
3.118676090240478516e+01
3.122953033447265625e+01
3.127178025245666504e+01
3.131431365013122559e+01
3.135681557655334473e+01
3.139990472793579102e+01
3.144259357452392578e+01
3.148591470718383789e+01
3.152967190742492676e+01
3.157410740852355957e+01
3.161733984947204590e+01
3.166039872169494629e+01
3.170290732383728027e+01
3.174595808982849121e+01
3.179019379615783691e+01
3.183281636238098145e+01
3.187587857246398926e+01
3.191832613945007324e+01
3.196125841140747070e+01
3.200403165817260742e+01
3.204718494415283203e+01
3.209021949768066406e+01
3.213291573524475098e+01
3.217620086669921875e+01
3.221936798095703125e+01
3.226295471191406250e+01
3.230601644515991211e+01
3.234951424598693848e+01
3.239230179786682129e+01
3.243516492843627930e+01
3.247834897041320801e+01
3.252123284339904785e+01
3.256422162055969238e+01
3.260828757286071777e+01
3.265149307250976562e+01
3.269517040252685547e+01
3.273823261260986328e+01
3.278132939338684082e+01
3.282423543930053711e+01
3.286737918853759766e+01
3.291043734550476074e+01
3.295364761352539062e+01
3.299688601493835449e+01
3.315123677253723145e+01
3.319415903091430664e+01
3.323736190795898438e+01
3.328031516075134277e+01
3.332359218597412109e+01
3.336647081375122070e+01
3.340931868553161621e+01
3.345207595825195312e+01
3.349495291709899902e+01
3.353738284111022949e+01
3.358051919937133789e+01
3.362316274642944336e+01
3.366594171524047852e+01
3.370923042297363281e+01
3.375193166732788086e+01
3.379487180709838867e+01
3.383748745918273926e+01
3.388048529624938965e+01
3.392278838157653809e+01
3.396594667434692383e+01
3.401020765304565430e+01
3.405268025398254395e+01
3.409528851509094238e+01
3.413802933692932129e+01
3.418057727813720703e+01
3.422207498550415039e+01
3.426508212089538574e+01
3.430771136283874512e+01
3.435013771057128906e+01
3.439231848716735840e+01
3.443473815917968750e+01
3.447771644592285156e+01
3.452133488655090332e+01
3.456450462341308594e+01
3.460733771324157715e+01
3.464975786209106445e+01
3.469200539588928223e+01
3.473433804512023926e+01
3.477721381187438965e+01
3.481961202621459961e+01
3.486193513870239258e+01
3.490489697456359863e+01
3.494917273521423340e+01
3.499135684967041016e+01
3.503396463394165039e+01
3.507648515701293945e+01
3.511887288093566895e+01
3.516143226623535156e+01
3.520458173751831055e+01
3.524711370468139648e+01
3.528744459152221680e+01
3.532714748382568359e+01
3.536681461334228516e+01
3.540656661987304688e+01
3.544647169113159180e+01
3.548670244216918945e+01
3.552685785293579102e+01
3.556736230850219727e+01
3.560778546333312988e+01
3.564847421646118164e+01
3.568895697593688965e+01
3.572983384132385254e+01
3.577059578895568848e+01
3.581134438514709473e+01
3.585205078125000000e+01
3.589308190345764160e+01
3.593417739868164062e+01
3.597563576698303223e+01
3.601734614372253418e+01
3.605903291702270508e+01
3.610082602500915527e+01
3.614291477203369141e+01
3.618503046035766602e+01
3.622785377502441406e+01
3.627062726020812988e+01
3.631519842147827148e+01
3.636163997650146484e+01
3.640660810470581055e+01
3.644939923286437988e+01
3.649259829521179199e+01
3.653530120849609375e+01
3.657762789726257324e+01
3.661984324455261230e+01
3.666258955001831055e+01
3.670508408546447754e+01
3.675461268424987793e+01
3.679707574844360352e+01
3.683943390846252441e+01
3.688224959373474121e+01
3.692417383193969727e+01
3.696684694290161133e+01
3.700976896286010742e+01
3.705222129821777344e+01
3.709470248222351074e+01
3.713752031326293945e+01
3.718034505844116211e+01
3.722242879867553711e+01
3.726531100273132324e+01
3.730760145187377930e+01
3.734991669654846191e+01
3.739217472076416016e+01
3.743445086479187012e+01
3.747667431831359863e+01
3.751948022842407227e+01
3.756164526939392090e+01
3.760420322418212891e+01
3.764686703681945801e+01
3.768876004219055176e+01
3.773151016235351562e+01
3.777465772628784180e+01
3.781726741790771484e+01
3.785950088500976562e+01
3.790224194526672363e+01
3.794492220878601074e+01
3.798750996589660645e+01
3.806915068626403809e+01
3.811152386665344238e+01
3.815381002426147461e+01
3.819645428657531738e+01
3.823833036422729492e+01
3.828080344200134277e+01
3.832317996025085449e+01
3.836534953117370605e+01
3.840807461738586426e+01
3.845097541809082031e+01
3.849376964569091797e+01
3.853589963912963867e+01
3.857800364494323730e+01
3.862014198303222656e+01
3.866261053085327148e+01
3.870457029342651367e+01
3.874699473381042480e+01
3.878915238380432129e+01
3.883116030693054199e+01
3.887275815010070801e+01
3.891489219665527344e+01
3.895700168609619141e+01
3.899904823303222656e+01
3.904093480110168457e+01
3.908287882804870605e+01
3.912436294555664062e+01
3.916644525527954102e+01
3.920830202102661133e+01
3.924990582466125488e+01
3.929161667823791504e+01
3.933314442634582520e+01
3.937483811378479004e+01
3.941662454605102539e+01
3.945828318595886230e+01
3.949995565414428711e+01
3.954186224937438965e+01
3.958381605148315430e+01
3.962546730041503906e+01
3.966719269752502441e+01
3.970891880989074707e+01
3.975063085556030273e+01
3.979277205467224121e+01
3.983455801010131836e+01
3.987664794921875000e+01
3.991820645332336426e+01
3.995967864990234375e+01
4.000132083892822266e+01
4.004312348365783691e+01
4.008493876457214355e+01
4.012661695480346680e+01
4.016864895820617676e+01
4.021036839485168457e+01
4.025285172462463379e+01
4.029499459266662598e+01
4.033680081367492676e+01
4.037927317619323730e+01
4.042103862762451172e+01
4.046318912506103516e+01
4.050521922111511230e+01
4.054740881919860840e+01
4.058936572074890137e+01
4.063077950477600098e+01
4.067341423034667969e+01
4.071563363075256348e+01
4.075831937789916992e+01
4.080078315734863281e+01
4.084271383285522461e+01
4.088468170166015625e+01
4.092648363113403320e+01
4.096854448318481445e+01
4.101110243797302246e+01
4.105286478996276855e+01
4.109501075744628906e+01
4.113734436035156250e+01
4.117993307113647461e+01
4.122254014015197754e+01
4.126510071754455566e+01
4.130799365043640137e+01
4.134993791580200195e+01
4.139233303070068359e+01
4.143503355979919434e+01
4.147782468795776367e+01
4.152200841903686523e+01
4.156591653823852539e+01
4.160898756980895996e+01
4.165163278579711914e+01
4.169433474540710449e+01
4.173681426048278809e+01
4.177964830398559570e+01
4.182186746597290039e+01
4.186456012725830078e+01
4.190692663192749023e+01
4.194906115531921387e+01
4.199157762527465820e+01
4.203414416313171387e+01
4.207713961601257324e+01
4.211956501007080078e+01
4.216270184516906738e+01
4.220536994934082031e+01
4.224763679504394531e+01
4.228982615470886230e+01
4.233247709274291992e+01
4.237523746490478516e+01
4.241804456710815430e+01
4.246059274673461914e+01
4.250323224067687988e+01
4.254585576057434082e+01
4.258924984931945801e+01
4.263190174102783203e+01
4.267434358596801758e+01
4.271710872650146484e+01
4.275997948646545410e+01
4.280236768722534180e+01
4.284445977210998535e+01
4.288809585571289062e+01
4.293101072311401367e+01
4.297263765335083008e+01
4.301417279243469238e+01
4.305501890182495117e+01
4.309477758407592773e+01
4.313445687294006348e+01
4.317346262931823730e+01
4.321291875839233398e+01
4.325223946571350098e+01
4.329095792770385742e+01
4.332939171791076660e+01
4.336766004562377930e+01
4.340562844276428223e+01
4.344365906715393066e+01
4.348069810867309570e+01
4.351896643638610840e+01
4.355747961997985840e+01
4.359589600563049316e+01
4.363447117805480957e+01
4.367155790328979492e+01
4.370748710632324219e+01
4.374443483352661133e+01
4.378073787689208984e+01
4.381729221343994141e+01
4.385452198982238770e+01
4.389217829704284668e+01
4.393027663230895996e+01
4.396981692314147949e+01
4.401005768775939941e+01
4.404966473579406738e+01
4.408963656425476074e+01
4.412966704368591309e+01
4.417032241821289062e+01
4.421189880371093750e+01
4.425274848937988281e+01
4.429380750656127930e+01
4.433494687080383301e+01
4.437736868858337402e+01
4.441902661323547363e+01
4.446075105667114258e+01
4.450278425216674805e+01
4.454509615898132324e+01
4.458786869049072266e+01
4.463064765930175781e+01
4.467332291603088379e+01
4.471601963043212891e+01
4.476006960868835449e+01
4.480453634262084961e+01
4.484761023521423340e+01
4.489013695716857910e+01
4.493261694908142090e+01
4.497397208213806152e+01
4.501637291908264160e+01
4.505781865119934082e+01
4.509887266159057617e+01
4.514031577110290527e+01
4.518218803405761719e+01
4.522385692596435547e+01
4.526587414741516113e+01
4.530890512466430664e+01
4.535102581977844238e+01
4.539287590980529785e+01
4.543463706970214844e+01
4.547675442695617676e+01
4.551837229728698730e+01
4.556014680862426758e+01
4.560250711441040039e+01
4.564438104629516602e+01
4.568590378761291504e+01
4.572746348381042480e+01
4.576972317695617676e+01
4.581121635437011719e+01
4.585276556015014648e+01
4.589480090141296387e+01
4.593668532371520996e+01
4.597808527946472168e+01
4.602033782005310059e+01
4.606214070320129395e+01
4.610407114028930664e+01
4.614614200592041016e+01
4.618771409988403320e+01
4.622921919822692871e+01
4.627090477943420410e+01
4.631273841857910156e+01
4.635454821586608887e+01
4.639667201042175293e+01
4.643925857543945312e+01
4.648212432861328125e+01
4.652532148361206055e+01
4.656991386413574219e+01
4.661253547668457031e+01
4.665489411354064941e+01
4.669728279113769531e+01
4.673925566673278809e+01
4.678111791610717773e+01
4.682272505760192871e+01
4.686482381820678711e+01
4.690692377090454102e+01
4.694895696640014648e+01
4.699118208885192871e+01
4.703346085548400879e+01
4.707565999031066895e+01
4.711786174774169922e+01
4.716036963462829590e+01
4.720264577865600586e+01
4.724483203887939453e+01
4.728682494163513184e+01
4.732909035682678223e+01
4.737113595008850098e+01
4.741378641128540039e+01
4.745643925666809082e+01
4.749833703041076660e+01
4.754104018211364746e+01
4.758436965942382812e+01
4.762709593772888184e+01
4.766940164566040039e+01
4.771180820465087891e+01
4.775459098815917969e+01
4.779693269729614258e+01
4.783946013450622559e+01
4.788147807121276855e+01
4.792337131500244141e+01
4.796516966819763184e+01
4.800725746154785156e+01
4.925464940071105957e+01
4.929781293869018555e+01
4.933992743492126465e+01
4.938214993476867676e+01
4.942404532432556152e+01
4.946700978279113770e+01
4.950710010528564453e+01
4.957432007789611816e+01
4.961339569091796875e+01
4.965179562568664551e+01
4.969025707244873047e+01
4.972818589210510254e+01
4.976579666137695312e+01
4.980441379547119141e+01
4.984271764755249023e+01
4.988122797012329102e+01
4.992035865783691406e+01
4.995952630043029785e+01
4.999917197227478027e+01
5.004286456108093262e+01
5.008362150192260742e+01
5.012434840202331543e+01
5.016450214385986328e+01
5.020476078987121582e+01
5.024572205543518066e+01
5.028705310821533203e+01
5.032855129241943359e+01
5.037092232704162598e+01
5.041635870933532715e+01
5.045858168601989746e+01
5.050088667869567871e+01
5.054611158370971680e+01
5.059048271179199219e+01
5.063328623771667480e+01
5.067558956146240234e+01
5.071756362915039062e+01
5.076023745536804199e+01
5.080326819419860840e+01
5.084557533264160156e+01
5.088965129852294922e+01
5.093264389038085938e+01
5.097640514373779297e+01
5.101948475837707520e+01
5.106230115890502930e+01
5.110533952713012695e+01
5.114929437637329102e+01
5.119363808631896973e+01
5.123735761642456055e+01
5.128099012374877930e+01
5.132401514053344727e+01
5.136744618415832520e+01
5.141096782684326172e+01
5.145444083213806152e+01
5.149846768379211426e+01
5.154253029823303223e+01
5.158757853507995605e+01
5.163124132156372070e+01
5.167544317245483398e+01
5.171934628486633301e+01
5.176347756385803223e+01
5.180757260322570801e+01
5.185257315635681152e+01
5.189705920219421387e+01
5.194186472892761230e+01
5.198524117469787598e+01
5.202862381935119629e+01
5.207308006286621094e+01
5.212912917137145996e+01
5.218550801277160645e+01
5.225416707992553711e+01
5.231009101867675781e+01
5.235333847999572754e+01
5.239566564559936523e+01
5.243750548362731934e+01
5.248043584823608398e+01
5.252300190925598145e+01
5.256570124626159668e+01
5.260858821868896484e+01
5.265060734748840332e+01
5.269257950782775879e+01
5.273477649688720703e+01
5.277736687660217285e+01
5.281995940208435059e+01
5.286216306686401367e+01
5.290472936630249023e+01
5.294684362411499023e+01
5.298926854133605957e+01
5.305507230758666992e+01
5.309696030616760254e+01
5.314117074012756348e+01
5.318488311767578125e+01
5.322698402404785156e+01
5.326900553703308105e+01
5.331114172935485840e+01
5.335286831855773926e+01
5.339513397216796875e+01
5.343710470199584961e+01
5.347873091697692871e+01
5.352044820785522461e+01
5.356183934211730957e+01
5.360351681709289551e+01
5.364523506164550781e+01
5.368738198280334473e+01
5.372921824455261230e+01
5.377111744880676270e+01
5.381318926811218262e+01
5.385557770729064941e+01
5.389755272865295410e+01
5.393910026550292969e+01
5.398050665855407715e+01
5.402221059799194336e+01
5.406333303451538086e+01
5.410477328300476074e+01
5.414622616767883301e+01
5.418714952468872070e+01
5.422847199440002441e+01
5.426965427398681641e+01
5.431179141998291016e+01
5.435327386856079102e+01
5.439461922645568848e+01
5.443689441680908203e+01
5.447829031944274902e+01
5.451976919174194336e+01
5.456132006645202637e+01
5.460339713096618652e+01
5.464543557167053223e+01
5.468765926361083984e+01
5.472937655448913574e+01
5.477125453948974609e+01
5.481354808807373047e+01
5.485564017295837402e+01
5.489820337295532227e+01
5.494002699851989746e+01
5.498261404037475586e+01
5.502496671676635742e+01
5.506698274612426758e+01
5.510918068885803223e+01
5.515155529975891113e+01
5.519372534751892090e+01
5.523573756217956543e+01
5.527793860435485840e+01
5.532048392295837402e+01
5.536368846893310547e+01
5.540593266487121582e+01
5.544767189025878906e+01
5.548989200592041016e+01
5.553255414962768555e+01
5.557530283927917480e+01
5.561757469177246094e+01
5.566012740135192871e+01
5.570228791236877441e+01
5.574477195739746094e+01
5.578754949569702148e+01
5.583036732673645020e+01
5.587300419807434082e+01
5.591581225395202637e+01
5.595829582214355469e+01
5.600104713439941406e+01
5.604328274726867676e+01
5.608567452430725098e+01
5.612790250778198242e+01
5.617012405395507812e+01
5.621250581741333008e+01
5.625488686561584473e+01
5.629710698127746582e+01
5.634022712707519531e+01
5.638261198997497559e+01
5.642494750022888184e+01
5.646738243103027344e+01
5.651162314414978027e+01
5.655593037605285645e+01
5.659942531585693359e+01
5.664249181747436523e+01
5.668539214134216309e+01
5.672821021080017090e+01
5.677186894416809082e+01
5.681488656997680664e+01
5.685793042182922363e+01
5.690070152282714844e+01
5.694356918334960938e+01
5.698626351356506348e+01
5.702935743331909180e+01
5.707203745841979980e+01
5.711481857299804688e+01
5.715727567672729492e+01
5.719989085197448730e+01
5.724231028556823730e+01
5.728459787368774414e+01
5.732711529731750488e+01
5.736949849128723145e+01
5.741183543205261230e+01
5.745401024818420410e+01
5.749620890617370605e+01
5.753812956809997559e+01
5.758096408843994141e+01
5.762316060066223145e+01
5.766546177864074707e+01
5.770727634429931641e+01
5.774894142150878906e+01
5.779191255569458008e+01
5.783457112312316895e+01
5.787777233123779297e+01
5.792503547668457031e+01
5.796766805648803711e+01
5.802191591262817383e+01
5.806255722045898438e+01
5.810313796997070312e+01
5.814312648773193359e+01
5.818270301818847656e+01
5.822256302833557129e+01
5.826272439956665039e+01
5.830228757858276367e+01
5.834257221221923828e+01
5.838254737854003906e+01
5.842298841476440430e+01
5.846359896659851074e+01
5.850424242019653320e+01
5.854480981826782227e+01
5.858575153350830078e+01
5.862728953361511230e+01
5.866883826255798340e+01
5.871063566207885742e+01
5.875253820419311523e+01
5.879513168334960938e+01
5.883772087097167969e+01
5.888005137443542480e+01
5.892293834686279297e+01
5.896576309204101562e+01
5.901151943206787109e+01
5.905717635154724121e+01
5.910320973396301270e+01
5.914951944351196289e+01
5.919501090049743652e+01
5.923922061920166016e+01
5.928261566162109375e+01
5.932614183425903320e+01
5.936913800239562988e+01
5.941155433654785156e+01
5.945473527908325195e+01
5.949803543090820312e+01
5.954025006294250488e+01
5.958256268501281738e+01
5.962496542930603027e+01
5.966773366928100586e+01
5.971022224426269531e+01
5.975284194946289062e+01
5.979473352432250977e+01
5.983723640441894531e+01
5.987969040870666504e+01
5.992223620414733887e+01
5.996467876434326172e+01
6.000755333900451660e+01
6.005011773109436035e+01
6.009297227859497070e+01
6.013585281372070312e+01
6.017894268035888672e+01
6.022167325019836426e+01
6.026446104049682617e+01
6.030737471580505371e+01
6.035101413726806641e+01
6.039376163482666016e+01
6.043687319755554199e+01
6.047923731803894043e+01
6.052209830284118652e+01
6.056491875648498535e+01
6.060787034034729004e+01
6.065095829963684082e+01
6.069363331794738770e+01
6.073642134666442871e+01
6.077936816215515137e+01
6.082269835472106934e+01
6.086556625366210938e+01
6.090862536430358887e+01
6.095179533958435059e+01
6.099420118331909180e+01
6.103688836097717285e+01
6.108027672767639160e+01
6.112300586700439453e+01
6.116551780700683594e+01
6.120846533775329590e+01
6.125113129615783691e+01
6.129461526870727539e+01
6.133770871162414551e+01
6.138092923164367676e+01
6.142420220375061035e+01
6.146731114387512207e+01
6.151174473762512207e+01
6.155630230903625488e+01
6.159963297843933105e+01
6.164217662811279297e+01
6.168515801429748535e+01
6.172861790657043457e+01
6.177155876159667969e+01
6.181423091888427734e+01
6.185728025436401367e+01
6.190064334869384766e+01
6.194362354278564453e+01
6.198620319366455078e+01
6.202873373031616211e+01
6.207186889648437500e+01
6.211435413360595703e+01
6.215766668319702148e+01
6.220022559165954590e+01
6.224274110794067383e+01
6.228513455390930176e+01
6.232785534858703613e+01
6.237082719802856445e+01
6.241352534294128418e+01
6.245611691474914551e+01
6.249885749816894531e+01
6.254180192947387695e+01
6.258473396301269531e+01
6.262711524963378906e+01
6.267014098167419434e+01
6.271248459815979004e+01
6.275516891479492188e+01
6.279767179489135742e+01
6.284031271934509277e+01
6.288272738456726074e+01
6.292509651184082031e+01
6.296765661239624023e+01
6.300995302200317383e+01
6.305202674865722656e+01
6.309472107887268066e+01
6.313715291023254395e+01
6.317939376831054688e+01
6.322162604331970215e+01
6.326421070098876953e+01
6.330672192573547363e+01
6.334942579269409180e+01
6.339423155784606934e+01
6.343677067756652832e+01
6.347964024543762207e+01
6.352274751663208008e+01
6.356507754325866699e+01
6.360760426521301270e+01
6.364977836608886719e+01
6.369316053390502930e+01
6.373570394515991211e+01
6.377858972549438477e+01
6.382165145874023438e+01
6.386219286918640137e+01
6.390182709693908691e+01
6.394205689430236816e+01
6.398181390762329102e+01
6.402257370948791504e+01
6.406262516975402832e+01
6.410300207138061523e+01
6.414341807365417480e+01
6.418408036231994629e+01
6.422476601600646973e+01
6.426539325714111328e+01
6.430648303031921387e+01
6.434850406646728516e+01
6.438956713676452637e+01
6.443075370788574219e+01
6.447165393829345703e+01
6.451287746429443359e+01
6.455466842651367188e+01
6.459665012359619141e+01
6.463917231559753418e+01
6.468222236633300781e+01
6.472587585449218750e+01
6.476904296875000000e+01
6.481118822097778320e+01
6.485336422920227051e+01
6.489607548713684082e+01
6.494179677963256836e+01
6.498765516281127930e+01
6.503322696685791016e+01
6.507912635803222656e+01
6.512336254119873047e+01
6.516605138778686523e+01
6.520843744277954102e+01
6.525106596946716309e+01
6.529443383216857910e+01
6.533699703216552734e+01
6.537953281402587891e+01
6.542162919044494629e+01
6.546308779716491699e+01
6.550511193275451660e+01
6.554768657684326172e+01
6.559007811546325684e+01
6.563242316246032715e+01
6.567424178123474121e+01
6.571639394760131836e+01
6.575864076614379883e+01
6.580103588104248047e+01
6.584364867210388184e+01
6.588636279106140137e+01
6.592912650108337402e+01
6.597222900390625000e+01
6.601445436477661133e+01
6.605696582794189453e+01
6.609942650794982910e+01
6.614172506332397461e+01
6.618423199653625488e+01
6.622664594650268555e+01
6.626876044273376465e+01
6.631076884269714355e+01
6.635335230827331543e+01
6.639603400230407715e+01
6.643818044662475586e+01
6.648101878166198730e+01
6.652417683601379395e+01
6.656821155548095703e+01
6.661086416244506836e+01
6.665390157699584961e+01
6.669620060920715332e+01
6.673809623718261719e+01
6.678112316131591797e+01
6.682598876953125000e+01
6.686813259124755859e+01
6.691052865982055664e+01
6.695290899276733398e+01
6.699489498138427734e+01
6.703688478469848633e+01
6.707921934127807617e+01
6.712114357948303223e+01
6.716302490234375000e+01
6.720509219169616699e+01
6.724684333801269531e+01
6.728899359703063965e+01
6.733144664764404297e+01
6.737349176406860352e+01
6.741594457626342773e+01
6.745789289474487305e+01
6.749974060058593750e+01
6.754130697250366211e+01
6.758371758460998535e+01
6.762596821784973145e+01
6.766791749000549316e+01
6.770965695381164551e+01
6.775159358978271484e+01
6.779353737831115723e+01
6.783559179306030273e+01
6.787726283073425293e+01
6.791925120353698730e+01
6.796129727363586426e+01
6.800333571434020996e+01
6.804507827758789062e+01
6.808701801300048828e+01
6.812885379791259766e+01
6.817077207565307617e+01
6.821247673034667969e+01
6.825453972816467285e+01
6.829612684249877930e+01
6.833812475204467773e+01
6.838008165359497070e+01
6.842168211936950684e+01
6.846352148056030273e+01
6.850566911697387695e+01
6.854792666435241699e+01
6.858973526954650879e+01
6.863253450393676758e+01
6.867498278617858887e+01
6.871664643287658691e+01
6.875830602645874023e+01
6.880003690719604492e+01
6.884284591674804688e+01
6.888451433181762695e+01
6.892604541778564453e+01
6.896781945228576660e+01
6.901015830039978027e+01
6.905274200439453125e+01
6.909455466270446777e+01
6.913620781898498535e+01
6.917846989631652832e+01
6.922002911567687988e+01
6.926194715499877930e+01
6.930374503135681152e+01
6.934585118293762207e+01
6.938749027252197266e+01
6.942901968955993652e+01
6.947100210189819336e+01
6.951235747337341309e+01
6.955414032936096191e+01
6.959647893905639648e+01
6.963847279548645020e+01
6.968042445182800293e+01
6.972264289855957031e+01
6.976466250419616699e+01
6.980729627609252930e+01
6.984973526000976562e+01
6.989333534240722656e+01
6.993584370613098145e+01
6.997888779640197754e+01
7.002136015892028809e+01
7.006379175186157227e+01
7.010671949386596680e+01
7.014920449256896973e+01
7.019221520423889160e+01
7.023455405235290527e+01
7.027701330184936523e+01
7.031950926780700684e+01
7.036212944984436035e+01
7.040501093864440918e+01
7.044792461395263672e+01
7.049143552780151367e+01
7.053421044349670410e+01
7.057687616348266602e+01
7.061995315551757812e+01
7.066276836395263672e+01
7.070497226715087891e+01
7.074929761886596680e+01
7.079179239273071289e+01
7.083483934402465820e+01
7.087765932083129883e+01
7.092045211791992188e+01
7.096366190910339355e+01
7.100616765022277832e+01
7.104877662658691406e+01
7.109186911582946777e+01
7.113454699516296387e+01
7.117704486846923828e+01
7.121989226341247559e+01
7.126314377784729004e+01
7.130575823783874512e+01
7.134833574295043945e+01
7.139042901992797852e+01
7.143324708938598633e+01
7.147591805458068848e+01
7.151994562149047852e+01
7.156830835342407227e+01
7.161091279983520508e+01
7.165374970436096191e+01
7.169576930999755859e+01
7.173697614669799805e+01
7.177713322639465332e+01
7.181699442863464355e+01
7.185704851150512695e+01
7.189597725868225098e+01
7.193535256385803223e+01
7.197427773475646973e+01
7.201282119750976562e+01
7.205131316184997559e+01
7.208914375305175781e+01
7.212703943252563477e+01
7.216475319862365723e+01
7.220262742042541504e+01
7.224094986915588379e+01
7.227986860275268555e+01
7.231818318367004395e+01
7.235469794273376465e+01
7.239086866378784180e+01
7.242962574958801270e+01
7.246610474586486816e+01
7.250260353088378906e+01
7.253951144218444824e+01
7.257824850082397461e+01
7.262142038345336914e+01
7.266102123260498047e+01
7.270129537582397461e+01
7.274171590805053711e+01
7.278294825553894043e+01
7.282340383529663086e+01
7.286390733718872070e+01
7.290459346771240234e+01
7.294702005386352539e+01
7.298854541778564453e+01
7.308464503288269043e+01
7.312722444534301758e+01
7.316925430297851562e+01
7.321114015579223633e+01
7.325246095657348633e+01
7.329469442367553711e+01
7.333708238601684570e+01
7.337985157966613770e+01
7.342400956153869629e+01
7.346855664253234863e+01
7.351412367820739746e+01
7.355981659889221191e+01
7.360585141181945801e+01
7.365016269683837891e+01
7.369299077987670898e+01
7.373551940917968750e+01
7.377814602851867676e+01
7.382050538063049316e+01
7.386330556869506836e+01
7.390452837944030762e+01
7.394631195068359375e+01
7.398813247680664062e+01
7.403057408332824707e+01
7.407278895378112793e+01
7.411458349227905273e+01
7.416505098342895508e+01
7.420721149444580078e+01
7.424970841407775879e+01
7.429195880889892578e+01
7.433457636833190918e+01
7.437680578231811523e+01
7.441911387443542480e+01
7.446128582954406738e+01
7.450327134132385254e+01
7.454539394378662109e+01
7.458771777153015137e+01
7.463006305694580078e+01
7.467272400856018066e+01
7.471506738662719727e+01
7.476275634765625000e+01
7.480860328674316406e+01
7.485459375381469727e+01
7.490065503120422363e+01
7.494743132591247559e+01
7.499295639991760254e+01
7.503793191909790039e+01
7.508432674407958984e+01
7.512985062599182129e+01
7.517539906501770020e+01
7.522181320190429688e+01
7.526671695709228516e+01
7.531243157386779785e+01
7.535858345031738281e+01
7.540348911285400391e+01
7.544948005676269531e+01
7.549547624588012695e+01
7.554037261009216309e+01
7.558636665344238281e+01
7.563201308250427246e+01
7.567708635330200195e+01
7.572328948974609375e+01
7.576781654357910156e+01
7.581424689292907715e+01
7.585983014106750488e+01
7.590658783912658691e+01
7.595325255393981934e+01
7.599914216995239258e+01
7.604528737068176270e+01
7.609135961532592773e+01
7.613663911819458008e+01
7.618373346328735352e+01
7.623060250282287598e+01
7.627559518814086914e+01
7.632214570045471191e+01
7.636720347404479980e+01
7.641449236869812012e+01
7.646125769615173340e+01
7.650792098045349121e+01
7.655608248710632324e+01
7.660180497169494629e+01
7.664856100082397461e+01
7.669404101371765137e+01
7.673971056938171387e+01
7.678535461425781250e+01
7.683119130134582520e+01
7.687689805030822754e+01
7.692367172241210938e+01
7.696819067001342773e+01
7.701477026939392090e+01
7.706048154830932617e+01
7.710531020164489746e+01
7.715162920951843262e+01
7.719715881347656250e+01
7.724276661872863770e+01
7.728876638412475586e+01
7.733547854423522949e+01
7.738074946403503418e+01
7.742673063278198242e+01
7.747211503982543945e+01
7.751844072341918945e+01
7.756542468070983887e+01
7.761188292503356934e+01
7.765803909301757812e+01
7.770503377914428711e+01
7.775155568122863770e+01
7.779695320129394531e+01
7.784229397773742676e+01
7.788926005363464355e+01
7.793505263328552246e+01
7.798084735870361328e+01
7.807684826850891113e+01
7.811961054801940918e+01
7.816225743293762207e+01
7.820475339889526367e+01
7.824724102020263672e+01
7.828813076019287109e+01
7.832800745964050293e+01
7.836789107322692871e+01
7.840655088424682617e+01
7.844534850120544434e+01
7.848402690887451172e+01
7.852277970314025879e+01
7.856104111671447754e+01
7.859970569610595703e+01
7.863870525360107422e+01
7.867816495895385742e+01
7.871777033805847168e+01
7.875756907463073730e+01
7.879789471626281738e+01
7.883843994140625000e+01
7.887918424606323242e+01
7.891990542411804199e+01
7.896138310432434082e+01
7.900228452682495117e+01
7.904297447204589844e+01
7.908448052406311035e+01
7.912635159492492676e+01
7.916779685020446777e+01
7.920950913429260254e+01
7.925103616714477539e+01
7.929358482360839844e+01
7.933851957321166992e+01
7.938265180587768555e+01
7.942633795738220215e+01
7.947116446495056152e+01
7.951482224464416504e+01
7.955717301368713379e+01
7.960250973701477051e+01
7.964868855476379395e+01
7.969432497024536133e+01
7.973908209800720215e+01
7.978509235382080078e+01
7.983102202415466309e+01
7.987588071823120117e+01
7.992264223098754883e+01
7.996772599220275879e+01
8.001431608200073242e+01
8.006006598472595215e+01
8.010493564605712891e+01
8.015123772621154785e+01
8.019712328910827637e+01
8.024336671829223633e+01
8.028889155387878418e+01
8.033443951606750488e+01
8.038002610206604004e+01
8.042683863639831543e+01
8.047209215164184570e+01
8.051895809173583984e+01
8.056434035301208496e+01
8.060991978645324707e+01
8.065719389915466309e+01
8.070210623741149902e+01
8.074885630607604980e+01
8.079624295234680176e+01
8.084255909919738770e+01
8.088948106765747070e+01
8.093475794792175293e+01
8.098211121559143066e+01
8.102817988395690918e+01
8.107423925399780273e+01
8.112123012542724609e+01
8.116722941398620605e+01
8.121446299552917480e+01
8.126052784919738770e+01
8.130542111396789551e+01
8.135166692733764648e+01
8.139722442626953125e+01
8.144219326972961426e+01
8.148920893669128418e+01
8.153685259819030762e+01
8.158385300636291504e+01
8.163023281097412109e+01
8.167540454864501953e+01
8.172256970405578613e+01
8.176789045333862305e+01
8.181399464607238770e+01
8.185938262939453125e+01
8.190485429763793945e+01
8.195067572593688965e+01
8.199586009979248047e+01
8.204092597961425781e+01
8.208633422851562500e+01
8.213143658638000488e+01
8.217637062072753906e+01
8.222171211242675781e+01
8.226645350456237793e+01
8.231142544746398926e+01
8.235676431655883789e+01
8.240112709999084473e+01
8.244677400588989258e+01
8.249217271804809570e+01
8.253690457344055176e+01
8.258344936370849609e+01
8.262901163101196289e+01
8.267653679847717285e+01
8.272242522239685059e+01
8.276666712760925293e+01
8.281193590164184570e+01
8.285679292678833008e+01
8.290078949928283691e+01
8.294546914100646973e+01
8.299097180366516113e+01
8.303841924667358398e+01
8.308380174636840820e+01
8.312880849838256836e+01
8.317275071144104004e+01
8.321781015396118164e+01
8.326298880577087402e+01
8.330729603767395020e+01
8.335299754142761230e+01
8.339843225479125977e+01
8.344369649887084961e+01
8.348977923393249512e+01
8.353447055816650391e+01
8.358011317253112793e+01
8.362599253654479980e+01
8.367115831375122070e+01
8.371677136421203613e+01
8.376230478286743164e+01
8.380740404129028320e+01
8.385323953628540039e+01
8.389890480041503906e+01
8.394429278373718262e+01
8.399037504196166992e+01
8.403496551513671875e+01
8.408083009719848633e+01
8.412685418128967285e+01
8.417245697975158691e+01
8.421897602081298828e+01
8.426430678367614746e+01
8.430997848510742188e+01
8.435590553283691406e+01
8.440227246284484863e+01
8.444791555404663086e+01
8.449392080307006836e+01
8.453938984870910645e+01
8.458601284027099609e+01
8.463226890563964844e+01
8.467821383476257324e+01
8.472679066658020020e+01
8.477222943305969238e+01
8.481851625442504883e+01
8.486514520645141602e+01
8.491128110885620117e+01
8.495866632461547852e+01
8.500499510765075684e+01
8.505147695541381836e+01
8.509775066375732422e+01
8.514355015754699707e+01
8.518964385986328125e+01
8.523588562011718750e+01
8.528362393379211426e+01
8.532938146591186523e+01
8.537529802322387695e+01
8.542210674285888672e+01
8.546890783309936523e+01
8.551566004753112793e+01
8.556254220008850098e+01
8.560878181457519531e+01
8.565553283691406250e+01
8.570226597785949707e+01
8.574844837188720703e+01
8.579480576515197754e+01
8.584037685394287109e+01
8.588699650764465332e+01
8.593398189544677734e+01
8.598006963729858398e+01
8.602723312377929688e+01
8.607262659072875977e+01
8.611943507194519043e+01
8.616571950912475586e+01
8.621088504791259766e+01
8.625710773468017578e+01
8.630332469940185547e+01
8.634936881065368652e+01
8.639511537551879883e+01
8.643986344337463379e+01
8.648599386215209961e+01
8.653590226173400879e+01
8.658505058288574219e+01
8.663256335258483887e+01
8.667923450469970703e+01
8.672713994979858398e+01
8.677349090576171875e+01
8.681843471527099609e+01
8.686226463317871094e+01
8.690659618377685547e+01
8.695021104812622070e+01
8.699475669860839844e+01
8.703809547424316406e+01
8.708149981498718262e+01
8.712475562095642090e+01
8.716769838333129883e+01
8.721205759048461914e+01
8.725667762756347656e+01
8.730053234100341797e+01
8.734601378440856934e+01
8.739063715934753418e+01
8.743458724021911621e+01
8.748040270805358887e+01
8.752581286430358887e+01
8.757144594192504883e+01
8.761903262138366699e+01
8.766505908966064453e+01
8.771073579788208008e+01
8.775801873207092285e+01
8.780494093894958496e+01
8.785572314262390137e+01
8.790672588348388672e+01
8.795670104026794434e+01
8.800666141510009766e+01
8.872584724426269531e+01
8.877259159088134766e+01
8.881874918937683105e+01
8.886197996139526367e+01
8.890601158142089844e+01
8.895274949073791504e+01
8.899579310417175293e+01
8.903873801231384277e+01
8.908164048194885254e+01
8.912462091445922852e+01
8.916723775863647461e+01
8.921035003662109375e+01
8.925289440155029297e+01
8.929570174217224121e+01
8.933900070190429688e+01
8.938168454170227051e+01
8.942467713356018066e+01
8.946706604957580566e+01
8.950957393646240234e+01
8.955242538452148438e+01
8.959489655494689941e+01
8.963760113716125488e+01
8.968067717552185059e+01
8.972353577613830566e+01
8.976625156402587891e+01
8.980946707725524902e+01
8.985252475738525391e+01
8.989527392387390137e+01
8.993875122070312500e+01
8.998152041435241699e+01
9.002439594268798828e+01
9.006723666191101074e+01
9.011027169227600098e+01
9.015393877029418945e+01
9.019688701629638672e+01
9.024004650115966797e+01
9.028329634666442871e+01
9.032650184631347656e+01
9.036968255043029785e+01
9.041303062438964844e+01
9.045719170570373535e+01
9.050008845329284668e+01
9.054301595687866211e+01
9.058633017539978027e+01
9.062919545173645020e+01
9.067224216461181641e+01
9.071538972854614258e+01
9.075884938240051270e+01
9.080194497108459473e+01
9.084488534927368164e+01
9.088832807540893555e+01
9.093135142326354980e+01
9.097415733337402344e+01
9.101735568046569824e+01
9.106019544601440430e+01
9.110288739204406738e+01
9.114665913581848145e+01
9.118994712829589844e+01
9.123242354393005371e+01
9.127515363693237305e+01
9.131822681427001953e+01
9.136089253425598145e+01
9.140407538414001465e+01
9.144739532470703125e+01
9.149078726768493652e+01
9.153436803817749023e+01
9.158259963989257812e+01
9.162526965141296387e+01
9.166866493225097656e+01
9.171114158630371094e+01
9.175264191627502441e+01
9.179492425918579102e+01
9.183722090721130371e+01
9.187959027290344238e+01
9.192206335067749023e+01
9.196446275711059570e+01
9.200704026222229004e+01
9.204957365989685059e+01
9.209220123291015625e+01
9.213444304466247559e+01
9.217646670341491699e+01
9.221858596801757812e+01
9.226019048690795898e+01
9.230198478698730469e+01
9.234596562385559082e+01
9.239062619209289551e+01
9.244935870170593262e+01
9.249309468269348145e+01
9.253673577308654785e+01
9.258330130577087402e+01
9.262678146362304688e+01
9.267019772529602051e+01
9.271570777893066406e+01
9.276024508476257324e+01
9.280296349525451660e+01
9.284621977806091309e+01
9.288762259483337402e+01
9.293191194534301758e+01
9.297537183761596680e+01
9.301858496665954590e+01
9.305974626541137695e+01
9.310151791572570801e+01
9.314366269111633301e+01
9.318744611740112305e+01
9.322930216789245605e+01
9.327134847640991211e+01
9.331478905677795410e+01
9.335675382614135742e+01
9.340012168884277344e+01
9.344209384918212891e+01
9.348438954353332520e+01
9.352651929855346680e+01
9.357231116294860840e+01
9.361730670928955078e+01
9.366160130500793457e+01
9.370654296875000000e+01
9.375341939926147461e+01
9.380064773559570312e+01
9.384834837913513184e+01
9.389599990844726562e+01
9.394582247734069824e+01
9.399389791488647461e+01
9.404171800613403320e+01
9.408932089805603027e+01
9.413716101646423340e+01
9.418474483489990234e+01
9.423253202438354492e+01
9.427909851074218750e+01
9.432573699951171875e+01
9.437320733070373535e+01
9.442205166816711426e+01
9.446887445449829102e+01
9.451489114761352539e+01
9.456137180328369141e+01
9.460746026039123535e+01
9.465318727493286133e+01
9.469908905029296875e+01
9.474491810798645020e+01
9.479092574119567871e+01
9.483667254447937012e+01
9.488220572471618652e+01
9.492799878120422363e+01
9.497466588020324707e+01
9.502165532112121582e+01
9.506731128692626953e+01
9.511295366287231445e+01
9.515869975090026855e+01
9.520443105697631836e+01
9.525007104873657227e+01
9.529597187042236328e+01
9.534155416488647461e+01
9.538739657402038574e+01
9.543309712409973145e+01
9.547926259040832520e+01
9.552738213539123535e+01
9.557606792449951172e+01
9.562266302108764648e+01
9.567035365104675293e+01
9.572115135192871094e+01
9.576944518089294434e+01
9.581651139259338379e+01
9.586361241340637207e+01
9.591163325309753418e+01
9.596158504486083984e+01
9.600928282737731934e+01
9.605586123466491699e+01
9.610376834869384766e+01
9.615032958984375000e+01
9.619882655143737793e+01
9.624629187583923340e+01
9.629373693466186523e+01
9.634177613258361816e+01
9.638848209381103516e+01
9.643557476997375488e+01
9.648115658760070801e+01
9.652841329574584961e+01
9.657563567161560059e+01
9.662138867378234863e+01
9.666705751419067383e+01
9.671285867691040039e+01
9.675875854492187500e+01
9.680477905273437500e+01
9.685064363479614258e+01
9.689665436744689941e+01
9.694327616691589355e+01
9.699004387855529785e+01
9.703573751449584961e+01
9.708167147636413574e+01
9.712758755683898926e+01
9.717372298240661621e+01
9.722073125839233398e+01
9.726630973815917969e+01
9.731211686134338379e+01
9.735798811912536621e+01
9.740546417236328125e+01
9.745168113708496094e+01
9.749883127212524414e+01
9.754467940330505371e+01
9.759204936027526855e+01
9.763916635513305664e+01
9.768524479866027832e+01
9.773171186447143555e+01
9.777872824668884277e+01
9.782493662834167480e+01
9.787055826187133789e+01
9.791625666618347168e+01
9.796322846412658691e+01
9.801157379150390625e+01
9.938061118125915527e+01
9.943131685256958008e+01
9.947758364677429199e+01
9.952414321899414062e+01
9.957141733169555664e+01
9.961944246292114258e+01
9.966756463050842285e+01
9.971686315536499023e+01
9.976762413978576660e+01
9.981443166732788086e+01
9.986255550384521484e+01
9.991342401504516602e+01
9.996611475944519043e+01
1.000172433853149414e+02
1.000687892436981201e+02
1.001199700832366943e+02
1.001716206073760986e+02
1.002228639125823975e+02
1.002745950222015381e+02
1.003269491195678711e+02
1.003795394897460938e+02
1.004315485954284668e+02
1.004870297908782959e+02
1.005396039485931396e+02
1.005923945903778076e+02
1.006441636085510254e+02
1.006961188316345215e+02
1.007474725246429443e+02
1.008000404834747314e+02
1.008516128063201904e+02
1.009033958911895752e+02
1.009557960033416748e+02
1.010090627670288086e+02
1.010617461204528809e+02
1.011118431091308594e+02
1.011627249717712402e+02
1.012147586345672607e+02
1.012884635925292969e+02
1.013712861537933350e+02
1.014536628723144531e+02
1.015207552909851074e+02
1.015695707798004150e+02
1.016164045333862305e+02
1.016620783805847168e+02
1.017077600955963135e+02
1.017538030147552490e+02
1.018000731468200684e+02
1.018460183143615723e+02
1.018917148113250732e+02
1.019377686977386475e+02
1.019842269420623779e+02
1.020300555229187012e+02
1.020757100582122803e+02
1.021215021610260010e+02
1.021672778129577637e+02
1.022131478786468506e+02
1.022590665817260742e+02
1.023052608966827393e+02
1.023509762287139893e+02
1.023967037200927734e+02
1.024425325393676758e+02
1.024881567955017090e+02
1.025337653160095215e+02
1.025795705318450928e+02
1.026261122226715088e+02
1.026721048355102539e+02
1.027179808616638184e+02
1.027638509273529053e+02
1.028095483779907227e+02
1.028592436313629150e+02
1.029074487686157227e+02
1.029547300338745117e+02
1.030031807422637939e+02
1.032689807415008545e+02
1.033160035610198975e+02
1.033640053272247314e+02
1.034098312854766846e+02
1.034556272029876709e+02
1.035018513202667236e+02
1.035476825237274170e+02
1.035935585498809814e+02
1.036395173072814941e+02
1.036850879192352295e+02
1.037309734821319580e+02
1.037766273021697998e+02
1.038224585056304932e+02
1.038686444759368896e+02
1.039141647815704346e+02
1.039598753452301025e+02
1.040057389736175537e+02
1.040517306327819824e+02
1.040974874496459961e+02
1.041439676284790039e+02
1.041897709369659424e+02
1.042354953289031982e+02
1.042814826965332031e+02
1.043281860351562500e+02
1.043738787174224854e+02
1.044196896553039551e+02
1.044655990600585938e+02
